第0组输入
1 2 3 4 5
7 5 3 2 1
0 2 3 0 1
1 5 2 0 1
7 5 2 0 1
第0组输出
1 7 0 1 7 
2 5 2 5 5 
3 3 3 2 2 
4 2 0 0 0 
5 1 1 1 1 

第1组输入
7 8 9 6 5
3 2 16 12 6
75 12 15 86 2
7 5 2 145 32
1 0 221 23 63
第1组输出
7 3 75 7 1 
8 2 12 5 0 
9 16 15 2 221 
6 12 86 145 23 
5 6 2 32 63 


